group2	4-nitrophenyl sulfate	a-D-galactopyranoside	A-D-glucopyranoside	a-L-fucopyranoside	B-D-galactopyranoside	B-D-glucopyranoside	B-D-xylopyranoside	N-acetyl-B-D-glucosamine	day	tissue	pig	treatment	muc_deg
0 feces 67	7.93480727693903e-06	0.000198211506012936	1.62732443922125e-05	1.34655377302437e-05	-7.42721330955019e-09	0.000129665994163372	6.18928010289811e-06	0.000117767797844028	0	feces	67	control	4.38628695022933e-05
0 feces 68	1.76964288194813e-06	3.85002188298296e-05	6.17580630046011e-06	8.90708556149737e-06	5.19904931669772e-08	9.91145875157708e-06	1.33660681745915e-06	5.85329824558881e-05	0	feces	68	control	1.81891415613648e-05
0 feces 69	3.40009907242839e-06	1.87275246103083e-05	1.74726344408973e-06	2.46397801544863e-06	7.05585264408962e-08	4.63432423140244e-05	1.459138623563e-06	7.03142242808438e-05	0	feces	69	control	9.07047915552974e-06
0 feces 71	6.53636913290958e-07	1.35536819964084e-05	2.61254496147722e-06	2.28572489601905e-06	1.7654486036839e-05	2.47136692944863e-06	1.6410634284944e-06	5.06175506386604e-05	0	feces	71	control	7.19297019928163e-06
0 feces 72	2.56255434071089e-07	1.71477148988024e-05	4.27626884684282e-06	5.57040998217473e-06	1.6763220439691e-05	6.57854980290498e-06	2.21840818431627e-06	5.4600310452019e-05	0	feces	72	control	1.23213424474049e-05
0 feces 74	3.29425563283372e-06	1.62585034679343e-05	2.01650784069118e-06	3.94756387403449e-06	2.97088532382794e-08	4.9037459953712e-05	1.91767488438174e-06	0.000105351526004616	0	feces	74	RPS	1.11760022319411e-05
0 feces 75	7.48352908607064e-07	3.55206531823037e-05	5.62434111666375e-06	1.07508912655972e-05	5.57040998218909e-09	0.000196281509193544	4.91393450154341e-06	9.16374110593475e-05	0	feces	75	RPS	2.20375197924114e-05
0 feces 76	3.62479022003733e-06	2.74656736307245e-05	4.28369250138772e-06	5.78394236482476e-06	2.04248366013216e-08	9.59031355191305e-06	9.28204021970166e-07	7.5112131482016e-05	0	feces	76	RPS	1.462062910822e-05
0 feces 77	8.8576594967477e-07	7.18610853550849e-06	9.45129880521823e-07	4.24465240641715e-06	1.04333778966132e-05	9.22074849013413e-06	9.59753740428802e-07	5.03167121356332e-05	0	feces	77	RPS	7.03530197704255e-06
0 feces 78	4.28955457760707e-07	9.06639170257908e-05	6.53418425519957e-06	2.04638294711824e-05	2.41811497326203e-05	1.89279412037297e-05	5.59894969030923e-06	0.000103966380420098	0	feces	78	RPS	3.30259188744519e-05
0 feces 79	2.9729994914129e-06	8.48809502771825e-05	2.96721859137428e-06	7.71873143196675e-06	2.02131610219845e-05	0.000171331965695674	4.90093290915487e-06	0.000116464344483397	0	feces	79	RPS	1.85598824239088e-05
0 feces 80	2.92100680425508e-06	1.51632210159606e-05	2.78896366654711e-06	2.71093285799172e-06	1.84102049910873e-05	6.16635064961331e-05	1.70233026893585e-06	5.11653050566657e-05	0	feces	80	RPS	1.01232335977298e-05
0 feces 81	3.45414741821184e-07	1.36762016164487e-05	2.6032719579224e-06	4.51574569221632e-06	8.16993464052446e-08	7.51996168222249e-06	7.3141690648936e-07	3.92837954004976e-05	0	feces	81	control	8.19584929844926e-06
0 feces 82	2.78540024159644e-07	2.30566883563974e-05	7.3771647992321e-06	5.55741235888298e-06	7.24153297682877e-08	6.22205574701493e-06	1.91210866552067e-06	5.28809527255389e-05	0	feces	82	control	1.51252258477954e-05
0 feces 83	1.80311556996898e-06	1.30394647991888e-05	4.50836683660703e-06	1.01845662507428e-05	3.52792632204531e-08	2.57348928933032e-05	1.98450981846327e-06	6.09152195415414e-05	0	feces	83	control	1.8480558475782e-05
0 feces 84	1.03248025980728e-06	7.1453517773642e-06	3.89005687657874e-06	1.62655971479503e-06	1.83229352346999e-05	7.6276261848608e-06	1.52597918198155e-06	4.49265082568866e-05	0	feces	84	control	8.07507603316261e-06
0 feces 85	4.86895141872761e-06	9.51042579789503e-06	5.81370807821437e-06	1.62470291146764e-06	2.08054812834225e-05	2.09926915709923e-05	8.16820589209994e-07	2.39115441494823e-05	0	feces	85	control	1.31241829976196e-05
0 feces 86	4.06678996512351e-07	4.81220261857057e-05	4.59564072989379e-06	1.62674539512775e-05	2.02243018419489e-05	0.000123503385298626	3.54574703177212e-06	8.31667984572237e-05	0	feces	86	control	2.48155207094558e-05
0 feces 87	2.06865257629978e-06	1.44057915507993e-05	1.97379744416027e-06	9.02963458110521e-06	1.35973707664885e-05	2.06362025164437e-05	1.57979940022149e-06	6.22855127048608e-05	0	feces	87	control	1.46518840017867e-05
0 feces 90	3.37961845956724e-07	2.43097690823078e-05	2.46958052985104e-06	7.4253565062389e-06	1.30570409982175e-05	4.05145698922937e-06	1.41087712506813e-06	4.13930714603858e-05	0	feces	90	RPS	1.16437760071148e-05
0 feces 91	1.15132577928764e-06	1.12944411253982e-05	4.01063030568918e-07	1.43716577540109e-06	9.56068033273919e-06	3.39605057193937e-06	8.96643054837538e-07	5.05377139124535e-05	0	feces	91	RPS	3.88619764009519e-06
0 feces 92	4.36942762338163e-06	4.06146892661977e-05	3.76747654742707e-06	7.01314616755797e-06	1.55971479500905e-07	6.42555486054275e-05	2.38363808222244e-06	9.421648281475e-05	0	feces	92	RPS	1.75336884205891e-05
0 feces 93	7.13067801871312e-07	6.20098922264166e-05	9.6165032529552e-06	7.17840166369582e-06	2.64724450386215e-05	5.98439481439666e-06	1.15282785609338e-06	5.23090452667352e-05	0	feces	93	RPS	1.86608005746157e-05
0 feces 94	3.27382973331963e-06	5.11461253336784e-05	3.94389431469319e-06	7.98054070112897e-06	1.99439245395127e-05	0.00023546693633483	7.5054940117478e-06	6.92187141944979e-05	0	feces	94	RPS	2.27037587608896e-05
0 feces 95	1.3035802066581e-06	9.70347929099056e-06	1.66370700489797e-06	3.69875222816403e-06	1.7526366607249e-05	1.12724756768355e-05	9.70902113772482e-07	2.8544191399837e-05	0	feces	95	RPS	7.63694155349258e-06
0 feces 96	9.58205796390234e-07	1.32696642260681e-05	3.25499586583279e-06	1.01697118241236e-05	3.77413844325609e-05	1.70767543682107e-05	1.46842440396682e-06	6.17284754845339e-05	0	feces	96	RPS	1.58513378903135e-05
12 feces 67	1.81977218881632e-07	7.36087862132921e-05	6.52860526064581e-06	9.426990493167e-06	9.48083778966136e-06	6.25732989570299e-06	2.46902582932155e-06	5.99478325702172e-05	12	feces	67	control	1.8606598802016e-05
12 feces 68	0	5.52395318705325e-05	4.09615144375309e-06	8.56357694592993e-06	1.06617647058824e-05	1.03886623715355e-05	4.56121826679227e-06	7.00264236498183e-05	12	feces	68	control	1.72209466564753e-05
12 feces 69	0	7.74348502016517e-05	5.9938339215379e-06	9.54396910279266e-06	2.15389185977437e-07	1.73162833018619e-05	4.89535825378828e-06	7.56283086804189e-05	12	feces	69	control	2.04331612781188e-05
12 feces 71	4.64219304453059e-08	0.00012024752849665	1.25465932557636e-05	1.28992127153892e-05	3.89185977421276e-06	1.3175683340316e-05	4.17693169101345e-06	6.00053833189071e-05	12	feces	71	control	2.96691595926116e-05
12 feces 72	1.25715702562201e-06	6.84256662554938e-05	1.14937697429378e-05	1.7654486036839e-05	1.48265745692216e-05	6.60064863647646e-05	5.55437494472451e-06	4.93920447475022e-05	12	feces	72	control	3.59597877501233e-05
12 feces 73	2.30240956925578e-07	9.65132518885089e-05	1.24091834357935e-05	1.24071598336305e-05	1.75059417706476e-05	1.04870650149695e-05	7.27714311696583e-06	8.55954523677398e-05	12	feces	73	control	3.23237273433154e-05
12 feces 74	0	8.33716828752372e-05	9.01674398905538e-06	8.99435531788476e-06	1.71902852049911e-05	1.16475478407224e-05	4.32544324715686e-06	7.00969625696792e-05	12	feces	74	RPS	2.2336542554097e-05
12 feces 75	0	7.07201914047374e-05	1.05059238390625e-05	7.47177658942368e-06	8.92565359477127e-06	1.26427679024034e-05	3.78708358332109e-06	7.6842641262186e-05	12	feces	75	RPS	2.17647840118073e-05
12 feces 76	7.4316358208992e-09	0.000139472527590288	1.870752880204e-05	1.26633986928105e-05	1.15121806298291e-07	2.00977377776045e-05	5.91824517715636e-06	5.35308042153932e-05	12	feces	76	RPS	3.72966043078277e-05
12 feces 77	2.24685207302655e-07	0.000108067579566305	6.47660404228868e-06	1.00768716577541e-05	2.18620023767083e-05	1.10644995812471e-05	3.02039458466188e-06	5.87762311372453e-05	12	feces	77	RPS	1.97985554920073e-05
12 feces 78	1.9869449138235e-07	5.98137357940917e-05	7.19147777962619e-06	9.54211229946528e-06	2.69162210338681e-05	9.35629672171136e-06	3.20786311110632e-06	5.04782757825326e-05	12	feces	78	RPS	2.01401476815801e-05
12 feces 80	3.95532168076424e-07	9.98083943987288e-05	1.16033164754668e-05	1.36289364230541e-05	3.63562091503272e-06	1.66775597967418e-05	6.21711963370902e-06	0.000103132694309852	12	feces	80	RPS	3.18449047003063e-05
12 feces 82	2.15399257975113e-07	0.000206361107535595	1.6804303904048e-05	1.81094028520499e-05	1.25928401663696e-05	1.94571265786695e-05	4.46838858443918e-06	5.81170512078286e-05	12	feces	82	control	3.95974945985122e-05
12 feces 83	3.10121193597533e-07	0.000118723417531946	1.13953406739547e-05	1.60892008318479e-05	1.02124183006552e-07	1.04591972278065e-05	3.57173709309616e-06	6.12772997832513e-05	12	feces	83	control	3.13663997924963e-05
12 feces 84	9.02330650098032e-07	0.000201918676203847	1.56883352508138e-05	2.09985888294712e-05	1.13580659536542e-05	1.61223671336597e-05	6.52715371227937e-06	5.25671751270036e-05	12	feces	84	control	4.41164084426624e-05
12 feces 85	1.55977123530306e-07	6.9333444560222e-05	1.33840032454762e-05	1.67335115864528e-05	1.14769013666073e-05	9.19474526558175e-06	3.92816820244255e-06	9.43390100538529e-05	12	feces	85	control	3.42016601579018e-05
12 feces 86	5.79375893724977e-07	0.00025133651026634	2.38880739843138e-05	2.19047088532382e-05	5.22021687462864e-05	2.10335303372151e-05	5.46527607258819e-06	7.46813409359141e-05	12	feces	86	control	5.18374348038652e-05
12 feces 87	1.48543611823249e-07	0.000122311850469456	1.27582546260429e-05	1.7346256684492e-05	4.07122697563874e-05	1.19390719704601e-05	3.67941502515613e-06	7.1716091850511e-05	12	feces	87	control	3.39324699475143e-05
12 feces 91	1.67544034146288e-20	0.000158905489357046	2.30618060410448e-05	1.17962715389186e-05	1.40114379084967e-05	1.39109436759241e-05	3.22644310841946e-06	8.63623183680797e-05	12	feces	91	RPS	3.80845206883829e-05
12 feces 93	2.37686974540669e-07	0.000106229708399761	1.1280218698087e-05	1.22641859774213e-05	1.40894236482472e-05	1.12594737519755e-05	2.84030425098529e-06	6.40958698390884e-05	12	feces	93	RPS	2.66223959010343e-05
12 feces 94	4.69815385629073e-07	0.000154490965048154	3.09347454857339e-05	1.59555109922757e-05	2.8125e-05	2.23128641035188e-05	3.9337306717456e-06	8.0242371258516e-05	12	feces	94	RPS	5.12938025353843e-05
12 feces 95	6.16513750728905e-07	0.000156935844661301	2.06144805321646e-05	1.28973559120618e-05	2.24190433749257e-05	2.28847471807829e-05	4.44239664833612e-06	4.30084978730389e-05	12	feces	95	RPS	3.85707468432915e-05
12 feces 96	6.48083977497319e-07	0.000166282927526357	4.1303283887724e-05	1.3467394533571e-05	8.43360071301252e-06	2.39783720739847e-05	5.56366259990734e-06	5.04430013212606e-05	12	feces	96	RPS	6.09824249986997e-05
15 feces 67	6.05369736122287e-07	0.00011252111521409	2.66956033518494e-05	7.98425430778376e-06	1.51162358882947e-05	1.72290036418206e-05	4.40340874418152e-06	4.22267766382465e-05	15	feces	67	control	3.9688636139937e-05
15 feces 68	0	8.66241122954227e-05	1.79685131825714e-05	6.03461081402262e-06	2.06290849673205e-06	1.20820381291645e-05	2.94984383859564e-06	4.12129803440717e-05	15	feces	68	control	2.69529678351897e-05
15 feces 69	3.89987361123088e-08	0.000151374005283975	1.50087294993871e-05	1.11166815210933e-05	3.89928698752366e-08	1.53499521449769e-05	4.05625872829146e-06	7.36749750722202e-05	15	feces	69	control	3.02206684848842e-05
15 feces 70	1.31473235010492e-06	0.000263714998293145	1.44776990594682e-05	7.97868389780159e-06	1.40002970885324e-05	2.78627426850146e-05	4.711572730696e-06	3.86506258850616e-05	15	feces	70	control	2.84826880380707e-05
15 feces 71	3.52916723374507e-08	0.000182545152430613	1.81913287907432e-05	1.23848781937017e-05	7.34031491384432e-05	1.8887106188513e-05	3.79079002141079e-06	5.63383547530889e-05	15	feces	71	control	3.44022886781932e-05
15 feces 72	2.36022438187655e-06	0.000237029136176714	1.57551734624194e-05	1.21119281045752e-05	1.88484105763517e-05	6.94099479869867e-05	6.5828402730172e-06	3.87898869875004e-05	15	feces	72	control	3.68101662218883e-05
15 feces 73	1.91288805320532e-07	8.44168374862181e-05	1.57626205620582e-05	1.34618241235889e-05	8.60442661913254e-06	1.75595044758412e-05	4.93620406393523e-06	5.56289954271172e-05	15	feces	73	control	3.43519375549028e-05
15 feces 74	5.05104556784918e-07	0.000111704306810943	2.2246636067443e-05	5.45528817587644e-06	1.62377450980392e-05	1.11796510920414e-05	4.28646284211828e-06	3.66694554355001e-05	15	feces	74	RPS	3.24934916422226e-05
15 feces 75	4.233856389913e-07	0.000141191579013155	2.93861351360022e-05	1.13153594771242e-05	7.57575757575761e-06	1.80274237305587e-05	4.19177431638333e-06	5.01254749047221e-05	15	feces	75	RPS	4.53166545685011e-05
15 feces 77	3.95537483087318e-07	6.66546337725891e-05	9.90988578047268e-06	7.54604872251935e-06	3.9698455139632e-06	9.36183945837727e-06	2.37249439582626e-06	3.54681263415122e-05	15	feces	77	RPS	2.02239663819056e-05
15 feces 78	3.15674129391294e-08	0.000133177455583008	1.62750824875773e-05	1.46538918597742e-05	8.8978015448604e-06	1.44549752203849e-05	3.20231470264577e-06	5.03520231692145e-05	15	feces	78	RPS	3.41628564629365e-05
15 feces 79	4.30810396562781e-07	0.000141921164260558	1.52315469831664e-05	1.24108734402852e-05	5.45157456922168e-06	1.50305839844481e-05	3.68682696394605e-06	4.00654922537505e-05	15	feces	79	RPS	3.17600577839605e-05
15 feces 80	2.30256589310582e-07	0.000118602760504845	1.23479017114515e-05	1.2466577540107e-05	2.94674688057045e-06	2.16945323178401e-05	6.46031221647135e-06	5.09684953936239e-05	15	feces	80	RPS	3.15050480573404e-05
15 feces 81	2.74836086861777e-07	5.93812214658401e-05	5.79701142011462e-06	5.11549316696379e-06	1.00267379679145e-05	8.55786663029028e-06	2.38363714483293e-06	4.17440274683676e-05	15	feces	81	control	1.35709778187731e-05
15 feces 83	3.24959453423324e-07	0.000102288548916214	8.68252385911084e-06	6.51923648247181e-06	3.03271687462864e-05	1.96558133076756e-05	3.33226125970806e-06	2.74672603592395e-05	15	feces	83	control	1.8858981054714e-05
15 feces 84	4.27104583378735e-07	0.000108559525326354	2.48090807387796e-05	1.32074420677362e-05	2.08147653000594e-05	1.74666695757803e-05	3.70168739971647e-06	6.3492405478632e-05	15	feces	84	control	4.2145314789611e-05
15 feces 85	5.14381751976881e-07	7.61706323510716e-05	1.30089342594596e-05	9.59781639928703e-06	1.2191770647653e-05	2.10911017164385e-05	3.68312333802484e-06	3.13813655081299e-05	15	feces	85	control	2.68042557487483e-05
15 feces 86	8.85770326742549e-07	0.000110833621946187	8.23316956184972e-06	8.75482768865126e-06	2.64501633986928e-05	1.87311552970599e-05	3.20231470264576e-06	4.0954872677256e-05	15	feces	86	control	2.10760822798893e-05
15 feces 87	3.20511789777492e-06	7.67127059521132e-05	9.09659422779725e-06	5.06907308377899e-06	7.56833036244805e-06	2.65128784386137e-05	2.87558759182919e-06	1.92677707898966e-05	15	feces	87	control	2.02463728011803e-05
15 feces 90	2.78600365165984e-08	0.000103387553741899	1.82006102345319e-05	7.79114676173503e-06	1.08901515151515e-05	1.10477954133761e-05	3.47705887864573e-06	4.918039141561e-05	15	feces	90	RPS	2.94966759114292e-05
15 feces 91	1.99623774140026e-06	0.000165365857816888	4.02987328855151e-05	7.88770053475939e-06	1.3305852644088e-05	2.50701389688365e-05	5.1923898025806e-06	4.88554692653971e-05	15	feces	91	RPS	5.53750609642554e-05
15 feces 93	1.54499738090337e-06	0.000140163144618716	3.30032545447822e-05	1.1267082590612e-05	1.72682709447418e-06	3.92392125050291e-05	4.0265584793197e-06	5.07196692787944e-05	15	feces	93	RPS	4.98418929956173e-05
15 feces 94	5.25513260675525e-07	0.000115218496625141	1.1464052617468e-05	1.39297385620915e-05	1.72199940582293e-05	1.84656184500987e-05	3.39352435059148e-06	6.62218894524116e-05	15	feces	94	RPS	2.93128287908265e-05
15 feces 95	5.32940206780908e-07	0.000170251912479872	1.51572738633708e-05	4.65314913844329e-06	1.45499108734403e-05	1.34411945554022e-05	2.15158824846677e-06	2.54805221663048e-05	15	feces	95	RPS	2.24949514570618e-05
15 feces 96	1.37786311156303e-06	0.000129906442415951	5.84473203322035e-05	4.20008912655975e-06	7.57204396910284e-06	3.52360093958952e-05	4.50922595808063e-06	2.73094624098707e-05	15	feces	96	RPS	6.85344985284069e-05
19 feces 67	1.56000134400993e-06	4.33804961378491e-05	1.81244962059601e-05	4.81825928733985e-06	5.5553798858307e-06	1.38684640522876e-05	3.51492869875223e-06	2.98295454545455e-05	19	feces	67	control	2.80176855360621e-05
19 feces 68	0	5.45046048722519e-05	1.54655224560533e-05	6.22752991474208e-06	7.35085276784974e-06	8.96278966131907e-06	2.37113784907903e-06	4.54508318478907e-05	19	feces	68	control	2.40641902198744e-05
19 feces 69	2.04260871027039e-07	0.000135897578728461	1.03778020275073e-05	6.60629667327671e-06	1.03086564132284e-05	9.28215983363041e-06	4.63643790849672e-06	3.3416889483066e-05	19	feces	69	control	2.18247974803078e-05
19 feces 70	4.58647297149527e-07	0.000106160873440285	2.13683734704432e-05	9.27444042264096e-06	1.26741494034257e-05	2.02094474153298e-05	6.48767082590611e-06	4.70848187759952e-05	19	feces	70	control	3.75891320161398e-05
19 feces 71	9.28316676302665e-08	0.000118423202614379	1.94985550179033e-05	9.2688766160888e-06	1.74218396189864e-05	3.80570409982175e-05	8.5375816993464e-06	5.44990344622698e-05	19	feces	71	control	3.73978450009687e-05
19 feces 72	4.51241923735427e-07	0.000122868389780155	1.23349121916055e-05	1.23659207719036e-05	1.38457485932958e-05	2.59451128936423e-05	6.2054367201426e-06	3.98340017825312e-05	19	feces	72	control	3.1357511607387e-05
19 feces 73	1.09539873347726e-07	0.000101648841354724	6.38562301074825e-06	7.80017703294775e-06	9.58824692651839e-06	1.89561051693405e-05	6.17201426024955e-06	3.14839572192513e-05	19	feces	73	control	2.04673541772933e-05
19 feces 74	1.96094638171049e-06	7.69923499702911e-05	1.0708323459432e-05	3.6169393681324e-06	9.38027121245149e-06	2.8912284610814e-05	3.04887106357693e-06	1.549688057041e-05	19	feces	74	RPS	1.93350802728518e-05
19 feces 75	1.79568831121584e-06	0.000109712938205585	1.66705890308827e-05	8.65800253914751e-06	1.123701723328e-05	4.54341206179441e-05	5.54812834224599e-06	3.90894236482472e-05	19	feces	75	RPS	3.2672408223492e-05
19 feces 76	1.22373905094857e-06	0.000153256833036245	3.13153962797156e-05	8.06198820172815e-06	1.83910734747785e-05	3.23770796197267e-05	1.220105466429e-05	4.82323232323232e-05	19	feces	76	RPS	5.28021781966823e-05
19 feces 77	7.87356021787126e-07	8.53312537136067e-05	1.65146266391766e-05	1.07988358973831e-05	1.79101758577905e-05	1.80369875222816e-05	5.13963161021983e-06	5.8123514557338e-05	19	feces	77	RPS	3.32404501685666e-05
19 feces 78	3.70279644639747e-06	0.000206788472964944	3.59685975286414e-05	4.77739719166839e-06	1.63634882731784e-05	2.67658199643494e-05	5.6781045751634e-06	2.9187091503268e-05	19	feces	78	RPS	5.01268957418707e-05
19 feces 79	1.74540580697501e-07	4.30834076054664e-05	1.01215659068271e-05	3.99941856096031e-06	1.00487038058952e-05	1.00898692810457e-05	3.4090909090909e-06	2.17320261437908e-05	19	feces	79	RPS	1.77046159575758e-05
19 feces 81	2.30270658457028e-07	8.71936274509804e-05	1.32298761357237e-05	8.16411405900704e-06	1.64656125675902e-05	2.06142305407011e-05	9.23945335710043e-06	0.000112954916815211	19	feces	81	control	3.08637142102882e-05
19 feces 83	0	0.000127354426619132	7.51270182509832e-06	5.55166245036301e-06	1.25218839593363e-05	1.39705882352941e-05	4.3356357694593e-06	4.36868686868687e-05	19	feces	83	control	1.74000000449206e-05
19 feces 84	9.17332737318432e-07	0.000109051916221034	2.1823295508613e-05	8.91607845577631e-06	1.31754546252443e-05	2.68846553773024e-05	6.36697860962567e-06	5.65990790255497e-05	19	feces	84	control	3.80236853113335e-05
19 feces 85	2.24716159424884e-07	8.9444073083779e-05	9.13185096006298e-06	4.94636280746955e-06	1.30677759014823e-05	2.57111556743909e-05	5.059789067142e-06	4.94076797385621e-05	19	feces	85	control	1.93627189940994e-05
19 feces 86	6.49907026234013e-08	0.000111328357100416	1.09162908207102e-05	6.35192506403273e-06	1.6790541995971e-05	4.3100118835413e-05	6.58051099227569e-06	5.71709744503862e-05	19	feces	86	control	2.3913717579642e-05
19 feces 87	8.17068183276454e-07	8.62689393939394e-05	1.73278947467581e-05	5.97685823685531e-06	1.71990235449485e-05	4.67970142602496e-05	5.35316399286986e-06	2.66581253713607e-05	19	feces	87	control	2.94749851597597e-05
19 feces 91	2.0129465724131e-06	0.000213192587641117	2.71616702498741e-05	6.52089286784771e-06	1.78303314828861e-05	4.85702614379085e-05	6.18129827688651e-06	3.6480614973262e-05	19	feces	91	RPS	4.18768079670215e-05
19 feces 93	1.81983878277596e-06	8.38383838383838e-05	3.6709481253195e-05	7.58110277510287e-06	1.67367087292713e-05	2.83738116458705e-05	9.83363042186571e-06	4.56216577540107e-05	19	feces	93	RPS	5.59440532329396e-05
19 feces 94	5.08819436752206e-07	9.06417112299465e-05	1.63456634739794e-05	1.09640787639687e-05	1.93732866285073e-05	2.24171865715983e-05	6.5340909090909e-06	6.72979797979798e-05	19	feces	94	RPS	3.43526525837912e-05
19 feces 95	3.41676100628626e-07	0.000130277035056447	2.66009461295793e-05	7.87259560154548e-06	1.62613836708908e-05	2.48421717171717e-05	5.34759358288769e-06	4.4333036244801e-05	19	feces	95	RPS	4.01628114146411e-05
19 feces 96	6.46231539876831e-07	8.96631758764112e-05	3.14936615203841e-05	3.98644051331726e-06	1.45494457179313e-05	1.89802436125965e-05	3.79159239453357e-06	2.57130124777184e-05	19	feces	96	RPS	3.99179259681118e-05
21 cec_cont 67	3.13834197678629e-07	6.57883986928105e-05	4.10934540481832e-05	5.37648131246662e-08	1.23455109790591e-05	2.12381164587047e-05	1.99234997029114e-06	1.91566399286988e-05	21	cec_cont	67	control	4.34534030292777e-05
21 cec_cont 68	4.84676156089197e-07	7.77666369578134e-05	5.14861071359954e-05	4.04399746695265e-06	1.90780679271151e-05	4.12191770647653e-05	4.43033273915627e-06	3.56469102792632e-05	21	cec_cont	68	control	6.04451134981935e-05
21 cec_cont 69	3.84381900515747e-07	5.45677361853832e-05	2.83258992222765e-05	3.0116500401612e-06	1.7704069020093e-05	1.88298425430778e-05	2.85390671420082e-06	2.46787730243613e-05	21	cec_cont	69	control	3.45758378771543e-05
21 cec_cont 70	4.6240000748853e-07	7.4819890077243e-05	2.2493612313821e-05	3.25857521325393e-06	1.40908599029378e-05	3.18181818181818e-05	3.76745395127748e-06	1.89078282828283e-05	21	cec_cont	70	control	2.99820414858409e-05
21 cec_cont 71	7.70636560752489e-07	8.53405377302436e-05	1.6653865176474e-05	2.4360548727883e-06	1.23770524484621e-05	1.92216280451575e-05	2.50854129530599e-06	1.63194444444444e-05	21	cec_cont	71	control	2.23690979053208e-05
21 cec_cont 72	8.24488251132451e-07	8.79196375519905e-05	1.12987759588417e-05	2.69228098002521e-06	1.6447058210459e-05	2.98165478312537e-05	1.52072192513367e-06	1.36642156862745e-05	21	cec_cont	72	control	1.63362671151331e-05
21 cec_cont 73	7.0934760689305e-07	0.000139572192513369	1.07120109038068e-05	1.09900636160077e-05	3.38410475393443e-05	6.74390968508615e-05	6.68449197860962e-06	5.50040849673202e-05	21	cec_cont	73	control	2.90959141053172e-05
21 cec_cont 74	1.05847691603384e-06	4.04653149138443e-05	8.01963633527034e-06	8.2623996394712e-07	9.0999047488196e-06	3.37733957219251e-05	1.37403446226975e-06	9.21531491384433e-06	21	cec_cont	74	RPS	1.1278387677521e-05
21 cec_cont 75	1.20702521757255e-06	0.000134191176470588	5.99866342332864e-05	4.64001461753264e-06	1.34465545378062e-05	5.56391117052881e-05	5.73566547831253e-06	3.17587641117053e-05	21	cec_cont	75	RPS	7.15693395467041e-05
21 cec_cont 76	7.68785686370515e-07	6.15456030897208e-05	3.15716380272184e-05	3.10449059196602e-06	1.24364895311094e-05	3.75482768865122e-05	3.71360665478313e-06	1.92829025549614e-05	21	cec_cont	76	RPS	3.9158520960338e-05
21 cec_cont 77	1.74553149135044e-06	7.99873737373737e-05	1.71719351684633e-05	2.82226869262101e-06	1.39887274816174e-05	3.65270350564468e-05	2.24487522281639e-06	1.86701574569221e-05	21	cec_cont	77	RPS	2.39846105752512e-05
21 cec_cont 78	1.43915581719484e-06	4.87856506238859e-05	1.58536015935987e-05	1.85118377714337e-06	1.14858290994261e-05	4.8724376114082e-05	2.22630718954249e-06	8.99249851455735e-06	21	cec_cont	78	RPS	2.13702483774794e-05
21 cec_cont 79	1.27758855279464e-06	8.22508169934641e-05	2.21965367151062e-05	4.25193879794537e-06	1.39218742824389e-05	1.50401069518717e-05	3.7191770647653e-06	2.33158793820559e-05	21	cec_cont	79	RPS	3.14452411306115e-05
21 cec_cont 80	9.84200889378272e-07	8.8732917409388e-05	1.89805187868492e-05	1.43156242469892e-06	1.30269478763116e-05	3.08972073677956e-05	1.0769459298871e-06	1.58459595959596e-05	21	cec_cont	80	RPS	2.24732280308134e-05
21 feces 67	0	0.000128325534759358	1.7704850593935e-05	8.2086732728751e-06	2.05875849079312e-05	1.59907902554961e-05	4.16666666666666e-06	5.27146464646465e-05	21	feces	67	control	3.00801905334768e-05
21 feces 68	0	6.90433749257279e-05	1.69231142620942e-05	4.67343496565389e-06	1.52011750139292e-05	1.15437462863933e-05	4.61415626856803e-06	6.16681521093286e-05	21	feces	68	control	2.62107054963161e-05
21 feces 69	0	8.84896761734997e-05	1.45222447379527e-05	5.25828480630749e-06	2.02979456417612e-05	1.42175430778372e-05	4.39133986928104e-06	6.77269013666073e-05	21	feces	69	control	2.41718694135412e-05
21 feces 70	7.98686687070469e-08	0.000153670900178253	2.07184801554676e-05	9.12033360864151e-06	2.28008371473378e-05	1.86794414735591e-05	7.16540404040404e-06	5.18438057040998e-05	21	feces	70	control	3.70840864732202e-05
21 feces 71	5.1809631929649e-07	0.000152048054070113	1.10573974630927e-05	9.14074527692634e-06	1.80549814250724e-05	2.78576203208556e-05	6.75133689839571e-06	4.43683155080214e-05	21	feces	71	control	2.74675759577112e-05
21 feces 72	2.12622883872574e-06	0.000326212492572787	1.67727102332593e-05	1.26630049113577e-05	3.22720828483853e-05	6.61393345216875e-05	8.16807783719548e-06	6.41915478312537e-05	21	feces	72	control	3.97300218205382e-05
21 feces 73	1.46886672809338e-06	0.000129101678550208	7.40686879544931e-06	9.42298249236804e-06	1.71860379955438e-05	3.0059789067142e-05	6.45610516934046e-06	4.67747326203208e-05	21	feces	73	control	2.47548231852512e-05
21 feces 74	1.88111272954582e-06	0.000138758912655971	1.06433214675837e-05	4.94823074611874e-06	1.4970936571892e-05	3.3236779560309e-05	4.59187462863934e-06	2.25935828877005e-05	21	feces	74	RPS	2.20645395718876e-05
21 feces 75	1.44284724858471e-06	0.000162227049910873	2.09338533530193e-05	6.64343101855821e-06	1.82351068490383e-05	6.70974450386215e-05	9.72036541889483e-06	5.58637849079026e-05	21	feces	75	RPS	3.87404970390571e-05
21 feces 76	6.35080334373076e-07	0.000161616161616162	1.52074004120166e-05	1.17884692310973e-05	2.01735251740251e-05	3.63339275103981e-05	1.1523321449792e-05	6.70621657754011e-05	21	feces	76	RPS	3.9154271427279e-05
21 feces 77	7.72498690451656e-07	0.000112997623291741	7.68725430069065e-06	1.13799876821199e-05	1.95793875273101e-05	2.72393048128342e-05	7.13940879382055e-06	6.77157605466429e-05	21	feces	77	RPS	2.69791494670827e-05
21 feces 78	3.92004626610682e-06	0.000255273321449792	1.1339636068559e-05	9.50095267715526e-06	2.57511868548036e-05	6.1172385620915e-05	9.93946821152704e-06	6.12113784907902e-05	21	feces	78	RPS	3.47001032233481e-05
21 feces 79	3.50996128555444e-07	0.000173202614379085	1.44702482086143e-05	1.11014691524395e-05	2.18464799100313e-05	3.16269310754605e-05	8.07895127748069e-06	5.7961972667855e-05	21	feces	79	RPS	3.40016647670899e-05
21 feces 80	2.05382744767733e-06	0.000137000519904932	5.12297809861544e-06	3.85829604607192e-06	1.75722346238394e-05	5.74030748663102e-05	4.59558823529411e-06	2.40028966131907e-05	21	feces	80	RPS	1.56306898276588e-05
21 feces 81	1.80120091545639e-07	0.00018779894533571	1.47023696434724e-05	1.22099528958697e-05	2.5227606714652e-05	2.78297682709447e-05	9.27473262032085e-06	6.38016191325014e-05	21	feces	81	control	3.63671752512086e-05
21 feces 82	1.57850508546639e-07	0.00011660724896019	1.45686613349334e-05	1.0889808823112e-05	2.14472455325729e-05	2.58968360071301e-05	7.20254010695186e-06	6.74855169340463e-05	21	feces	82	control	3.2818860773544e-05
21 feces 83	2.1169625862032e-07	0.000180540701128936	1.27341118061081e-05	7.86888941872024e-06	2.21082557580173e-05	2.0736779560309e-05	7.00757575757577e-06	4.2962715389186e-05	21	feces	83	control	2.78222732410244e-05
21 feces 84	4.64237438019412e-07	0.000127536393345217	1.1811256640436e-05	5.59439842357831e-06	2.20451303092287e-05	1.68022133095662e-05	8.32776292335115e-06	5.94659833630422e-05	21	feces	84	control	2.61976554253849e-05
21 feces 85	1.72696897212623e-07	0.00014725193107546	4.37651069048925e-06	6.17555427176935e-06	1.66921492028299e-05	2.18248663101604e-05	8.58957219251337e-06	7.56925876411171e-05	21	feces	85	control	1.93143340519846e-05
21 feces 86	2.28405402280841e-07	8.8433972073678e-05	5.00785424714019e-06	8.07870837813762e-06	1.83576349973999e-05	2.48254604872252e-05	9.68694295900177e-06	0.000142712046939988	21	feces	86	control	2.30019109865604e-05
21 feces 87	3.67664315367335e-07	0.000141549688057041	1.15085964203449e-05	9.35056955009154e-06	2.58960249297192e-05	3.78527926322044e-05	8.87551990493166e-06	4.72426470588235e-05	21	feces	87	control	3.01023501907354e-05
21 feces 90	1.244000185125e-07	7.12362596553773e-05	1.26654354991377e-05	8.00814368238602e-06	1.54072762253055e-05	2.06643642305407e-05	5.56483957219251e-06	4.79426619132501e-05	21	feces	90	RPS	2.63628187722287e-05
21 feces 91	1.75112163222033e-06	0.000181686348781937	3.2453603073453e-05	7.02778721466398e-06	1.83000839826592e-05	5.2987596553773e-05	6.3131313131313e-06	5.6027183600713e-05	21	feces	91	RPS	4.75456432334686e-05
21 feces 92	7.72500253690137e-07	0.000179643865121806	2.07481963431336e-05	7.07235549316068e-06	2.41562466890076e-05	3.77803773024361e-05	1.2319890077243e-05	5.22170231729055e-05	21	feces	92	RPS	4.09129421672275e-05
21 feces 93	1.43911892476629e-06	6.47448752228164e-05	3.51330565818176e-05	4.84055139720995e-06	2.1187314180231e-05	6.13413547237077e-05	1.53966131907308e-05	4.51091800356506e-05	21	feces	93	RPS	5.68093400945247e-05
21 feces 94	1.09931558385861e-06	0.000114197118241236	1.05356287730834e-05	6.4280523160429e-06	1.69595182392678e-05	4.29274361259656e-05	7.45135175282233e-06	4.04467468805704e-05	21	feces	94	RPS	2.55143484258073e-05
21 feces 95	1.3221274061449e-06	0.000152376708259061	1.07380162020041e-05	8.11213278971307e-06	2.62580949548496e-05	5.19255050505051e-05	7.87841651812239e-06	5.85802881758763e-05	21	feces	95	RPS	2.80506929159845e-05
21 feces 96	1.33884749247493e-06	0.000183454025549614	2.94678544176329e-05	1.00765741006939e-05	3.43702180547872e-05	8.90615715983363e-05	1.04018122400475e-05	6.44515002970885e-05	21	feces	96	RPS	5.12850882508493e-05
